element,sp_num,obs_wl_air(nm),unc_obs_wl,ritz_wl_air(nm),unc_ritz_wl,intens,Aki(s^-1),Acc,J_i,J_k,Type,
Ag,3,199.959,,,,600,,,,,,
Ag,2,200.068462,0.000013,200.068449,0.000008,40000,1.75e+07,B+,3,3,,
Ag,3,200.730,,,,300,,,,,,
Ag,3,201.149,,,,200,,,,,,
Ag,3,201.365,,,,150,,,,,,
Ag,2,201.590481,0.000013,201.590491,0.000007,34000,3.7e+07,C+,2,1,,
Ag,2,202.5858,0.0021,202.588091,0.000013,570,,,3,4,,
Ag,2,203.392680,0.000013,203.392686,0.000007,38000,2.4e+07,B,2,1,,
Ag,3,204.133,,,,150,,,,,,
Ag,3,205.317,,,,150,,,,,,
Ag,3,205.383,,,,150,,,,,,
Ag,3,205.699,,,,200,,,,,,
Ag,2,205.9939,0.0021,205.997746,0.000011,540,,,4,3,,
Ag,1,206.1162,,206.116209,0.000004,200,3.1e+06,D,1/2,3/2,,
Ag,2,206.591011,0.000014,206.591012,0.000007,120000,4.7e+07,B+,2,3,,
Ag,1,206.9844,,206.984380,0.000013,100,1.5e+06,D,1/2,1/2,,
Ag,2,207.554292,0.000014,207.554294,0.000008,36000,1.2e+08,D+,1,2,,
Ag,3,208.104,,,,200,,,,,,
Ag,2,208.78208,0.00004,208.782083,0.000009,2300,,,1,1,,
Ag,2,208.9318,0.0022,208.931191,0.000014,740,,,4,4,,
Ag,2,209.489,,209.488826,0.000008,800:,4.8e+05,D+,3,2,,
Ag,2,210.075,0.009,210.093065,0.000014,140,,,4,3,,
Ag,2,211.140,0.003,211.139639,0.000008,4100,1.00e+07,B,2,2,,
Ag,2,211.382490,0.000013,211.382492,0.000008,530000,3.01e+08,A,3,3,,
Ag,2,212.044020,0.000013,212.044026,0.000007,220000,1.19e+08,B+,1,2,,
Ag,2,212.079683,0.000018,212.079682,0.000009,6900,1.5e+08,D+,1,1,,
Ag,2,212.542019,0.000014,212.542016,0.000008,66000,1.47e+08,B+,2,3,,
Ag,2,212.903277,0.000014,212.903279,0.000008,64000,7.6e+07,D+,2,2,,
Ag,2,214.553095,0.000018,214.553088,0.000008,6000,1.3e+08,D+,2,1,,
Ag,2,214.560920,0.000014,214.560925,0.000008,390000,3.78e+08,B+,1,1,,
Ag,2,214.570735,0.000014,214.570730,0.000009,75000,5.2e+08,C,2,2,,
Ag,3,214.647,,,,300,,,,,,
Ag,3,214.919,,,,150,,,,,,
Ag,2,215.88525,0.00004,215.885242,0.000009,4700,,,2,1,,
Ag,3,216.189,,,,600,,,,,,
Ag,2,216.60359,0.00003,216.603582,0.000008,22000,1.7e+08,D+,1,1,,
Ag,3,216.621,,,,150,,,,,,
Ag,2,216.650867,0.000014,216.650863,0.000007,150000,6.0e+07,B,2,2,,
Ag,1,217.000,,,,15,,,,,,
Ag,2,217.078958,0.000014,217.078956,0.000010,84000,1.6e+08,C,2,3,,
Ag,2,217.16858,0.00004,217.168597,0.000008,28000,3.9e+06,E,3,2,,
Ag,2,218.569653,0.000019,218.569647,0.000010,10000,,,3,3,,
Ag,2,218.676813,0.000014,218.676813,0.000007,210000,7.27e+07,A,2,3,,
Ag,2,,,220.016534,0.000011,,3.0e+06,E,3,4,,
Ag,2,220.203376,0.000015,220.203378,0.000012,120000,6.7e+08,C,2,1,,
Ag,2,220.355651,0.000015,220.355647,0.000010,63000,2.1e+08,D+,0,1,,
Ag,2,220.429872,0.000019,220.429876,0.000009,26000,5.6e+07,C+,3,2,,
Ag,2,220.587431,0.000015,220.587428,0.000009,120000,2.5e+08,C,3,3,,
Ag,2,220.840105,0.000015,220.840106,0.000008,160000,1.9e+08,D+,2,2,,
Ag,2,221.031012,0.000024,221.031008,0.000007,2000,3.00e+06,B+,2,2,,
Ag,3,221.123,,,,150,,,,,,
Ag,2,221.87484,0.00003,221.874835,0.000015,9100,,,3,4,,
Ag,2,221.958790,0.000015,221.958792,0.000008,34000,7.3e+07,B+,3,3,,
Ag,2,,,222.400468,0.000008,,4.0e+06,D,2,1,,
Ag,2,222.600217,0.000015,222.600217,0.000012,35000,6.1e+08,B,1,0,,
Ag,2,222.951924,0.000015,222.951923,0.000008,520000,2.09e+08,B+,2,2,,
Ag,3,223.840,,,,100,,,,,,
Ag,2,224.032094,0.000015,224.032091,0.000010,34000,1.9e+08,D+,0,1,,
Ag,2,224.05016,0.00003,224.050161,0.000009,6900,4.2e+07,D+,2,1,,
Ag,2,224.172134,0.000020,224.172144,0.000009,10000,4.7e+07,D+,3,2,,
Ag,2,224.344841,0.000015,224.344833,0.000011,2400000,4.3e+08,D+,1,0,,
Ag,2,224.610652,0.000015,224.610646,0.000010,110000,7.1e+08,C,3,4,,
Ag,2,224.641186,0.000015,224.641194,0.000009,900000,3.91e+08,A,3,4,,
Ag,3,224.651,,,,500,,,,,,
Ag,2,224.874892,0.000015,224.874886,0.000007,460000,2.57e+08,B+,2,2,,
Ag,2,225.336127,0.000015,225.336124,0.000011,130000,5.6e+08,C,2,3,,
Ag,2,225.734,0.004,225.736061,0.000009,4600,2.2e+08,D+,2,1,,
Ag,2,226.57893,0.00004,226.578950,0.000013,11000,1.9e+08,D+,1,0,,
Ag,2,227.517818,0.000016,227.517817,0.000011,120000,2.16e+08,B+,4,4,,
Ag,2,227.730636,0.000016,227.730639,0.000008,41000,1.50e+08,B+,1,2,,
Ag,2,227.998111,0.000016,227.998107,0.000008,590000,3.25e+08,B+,2,1,,
Ag,3,228.650,,,,100,,,,,,
Ag,2,229.595366,0.000016,229.595369,0.000010,27000,6.0e+07,B+,4,3,,
Ag,1,230.956,,230.955,0.004,30w,,,5/2,5/2,,
Ag,3,231.004,,,,700,,,,,,
Ag,2,231.232,0.005,231.232886,0.000008,3800,1.0e+06,D,3,2,,
Ag,1,231.260,,231.260,0.003,10w,,,3/2,3/2,,
Ag,2,231.703406,0.000016,231.703405,0.000008,340000,1.68e+08,B+,1,2,,
Ag,2,231.706532,0.000016,231.706521,0.000009,27000,2.5e+08,D+,1,1,,
Ag,2,231.726,0.003,231.727097,0.000011,490,,,1,2,,
Ag,2,232.024495,0.000016,232.024495,0.000008,730000,2.90e+08,B,2,3,,
Ag,2,232.143261,0.000016,232.143249,0.000011,190000,1.8e+08,C,3,3,,
Ag,2,232.373860,0.000016,232.373861,0.000008,34000,2.0e+07,D+,3,2,,
Ag,2,232.433945,0.000022,232.433966,0.000012,5400,3.5e+07,D+,4,4,,
Ag,2,232.466685,0.000016,232.466678,0.000009,240000,8.4e+07,B+,3,3,,
Ag,2,232.494655,0.000016,232.494655,0.000016,270000,7.1e+08,C,4,5,,
Ag,2,233.136632,0.000016,233.136629,0.000008,330000,2.51e+08,B,2,1,,
Ag,2,234.364027,0.000022,234.364032,0.000010,14000,,,3,2,,
Ag,2,235.791689,0.000017,235.791680,0.000010,170000,2.96e+08,A,1,0,,
Ag,2,235.875114,0.000017,235.875114,0.000017,260000,6.7e+08,C,3,4,,
Ag,2,236.207463,0.000017,236.207464,0.000009,67000,2.63e+08,B+,2,2,,
Ag,2,236.388377,0.000017,236.388381,0.000010,100000,3.7e+08,C,2,3,,
Ag,2,236.557671,0.000017,236.557671,0.000009,100000,3.0e+08,C,1,2,,
Ag,2,237.03984,0.00004,237.03981,0.00004,9800,,,4,4,,
Ag,2,237.35695,0.00003,237.356965,0.000013,16000,3.7e+07,D+,3,3,,
Ag,1,237.502,,237.5023,0.0017,50w,,,5/2,7/2,,
Ag,2,237.960,0.005,237.963907,0.000009,2800,9.e+05,E,2,3,,
Ag,2,238.310087,0.000023,238.310093,0.000014,14000,8.e+07,D+,1,1,,
Ag,2,238.620459,0.000017,238.620456,0.000009,32000,,,1,2,,
Ag,3,238.685,,,,100,,,,,,
Ag,2,239.042949,0.000017,239.042948,0.000009,310000,6.8e+07,D+,1,2,,
Ag,2,239.279686,0.000017,239.279697,0.000008,11000,2.50e+07,B,1,2,,
Ag,3,239.569,,,,300,,,,,,
Ag,2,240.244630,0.000017,240.244634,0.000010,31000,3.6e+08,C,1,1,,
Ag,2,240.487583,0.000017,240.487569,0.000010,15000,1.1e+08,D+,2,1,,
Ag,2,240.885401,0.000017,240.885395,0.000008,5900,1.7e+07,C+,1,1,,
Ag,2,241.134527,0.000017,241.134524,0.000008,180000,9.6e+07,B+,1,2,,
Ag,2,241.149494,0.000017,241.149491,0.000010,91000,2.5e+08,C,1,2,,
Ag,2,241.318810,0.000017,241.318805,0.000008,470000,2.10e+08,B+,2,3,,
Ag,2,241.995667,0.000018,241.995662,0.000011,540000,4.6e+08,C,2,3,,
Ag,2,242.246274,0.000018,242.246271,0.000009,41000,5.2e+07,D+,2,2,,
Ag,2,242.808389,0.000018,242.808393,0.000011,30000,,,1,1,,
Ag,2,242.951289,0.000018,242.951294,0.000013,190000,4.0e+08,B+,3,4,,
Ag,2,243.647567,0.000024,243.647576,0.000010,12000,,,3,3,,
Ag,2,243.778299,0.000018,243.778303,0.000009,450000,2.90e+08,B,3,2,,
Ag,2,244.409896,0.000018,244.409897,0.000010,140000,2.7e+08,C,2,2,,
Ag,2,244.621146,0.000018,244.621139,0.000011,22000,3.5e+07,D+,1,1,,
Ag,2,244.789606,0.000018,244.789600,0.000009,210000,9.2e+07,B+,2,2,,
Ag,2,245.321676,0.000018,245.321679,0.000009,110000,3.7e+08,B+,3,3,,
Ag,2,245.41636,0.00004,245.416376,0.000009,680,,,2,2,,
Ag,2,246.016512,0.000018,246.016505,0.000009,34000,1.18e+08,B+,2,2,,
Ag,2,246.11412,0.00003,246.114111,0.000011,5500,3.4e+07,D+,2,1,,
Ag,2,246.212773,0.000018,246.212763,0.000011,35000,8.e+07,D+,2,3,,
Ag,3,246.962,,,,100,,,,,,
Ag,2,247.279642,0.000024,247.279659,0.000012,9700,2.3e+08,D+,1,1,,
Ag,2,247.379016,0.000018,247.379016,0.000009,140000,4.98e+07,A,2,3,,
Ag,2,247.609,0.005,247.608744,0.000019,3600,,,2,1,,
Ag,2,247.661,0.005,247.666649,0.000014,7200,2.2e+07,D+,2,3,,
Ag,2,247.712768,0.000018,247.712763,0.000009,100000,1.4e+08,C,2,3,,
Ag,2,247.92251,0.00004,247.922422,0.000010,1900,3.0e+06,E,2,3,,
Ag,2,248.028243,0.000018,248.028243,0.000011,29000,1.6e+08,C,3,2,,
Ag,2,248.565135,0.000025,248.565135,0.000013,9300,2.8e+07,D+,3,4,,
Ag,2,248.655629,0.000019,248.655645,0.000009,5700,1.60e+07,C+,2,2,,
Ag,2,250.390077,0.000019,250.390081,0.000010,17000,9.2e+07,B,2,1,,
Ag,2,250.659265,0.000019,250.659265,0.000009,50000,2.13e+07,B,1,1,,
Ag,2,250.66289,0.00003,250.662912,0.000010,5300,4.6e+07,D+,2,1,,
Ag,2,250.691,0.004,250.686992,0.000012,290,,,2,2,,
Ag,2,250.70909,0.00003,250.709088,0.000012,12000,9.e+07,D+,2,1,,
Ag,2,253.04869,0.00005,253.04865,0.00004,4300,,,3,2,,
Ag,2,253.26045,0.00006,253.26044,0.00006,6300,,,3,3,,
Ag,2,253.507,0.004,253.507148,0.000019,390,,,0,1,,
Ag,2,253.530785,0.000019,253.530785,0.000009,19000,3.4e+06,E,2,2,,
Ag,2,255.34021,0.00007,255.340179,0.000009,2800,7.e+05,E,2,2,,
Ag,2,255.748774,0.000020,255.748780,0.000020,66000,,,4,3,,
Ag,3,256.287,,,,100,,,,,,
Ag,2,256.423332,0.000020,256.423336,0.000012,12000,6.2e+07,C+,0,1,,
Ag,2,256.700519,0.000020,256.700514,0.000009,6400,2.5e+07,C+,3,2,,
Ag,1,257.563,,257.567,0.005,50w,,,3/2,5/2,,
Ag,2,258.057399,0.000020,258.057394,0.000010,80000,1.8e+08,C,3,2,,
Ag,2,258.40917,0.00010,258.409063,0.000020,1400,,,2,1,,
Ag,2,258.724,0.004,258.724477,0.000020,1100,2.0e+06,E,1,0,,
Ag,2,259.549487,0.000020,259.549481,0.000010,8100,2.8e+07,C+,2,2,,
Ag,2,259.684600,0.000020,259.684607,0.000020,24000,,,4,4,,
Ag,2,259.836,0.005,259.838439,0.000015,3400,8.0e+06,C+,3,4,,
Ag,2,260.597631,0.000020,260.597632,0.000010,24000,3.0e+07,C+,3,3,,
Ag,2,261.439776,0.000021,261.439778,0.000010,21000,1.36e+08,C+,2,1,,
Ag,2,261.70020,0.00003,261.700202,0.000021,3600,6.9e+07,B+,1,0,,
Ag,2,262.4947,0.0006,262.49459,0.00010,20,,,4,3,,
Ag,2,262.551589,0.000021,262.551592,0.000011,8200,3.00e+07,B+,3,3,,
Ag,2,265.65404,0.00004,265.654043,0.000014,2500,1.3e+07,D+,3,2,,
Ag,2,265.680859,0.000021,265.680863,0.000012,6200,2.90e+07,B+,1,2,,
Ag,2,265.74137,0.00003,265.74137,0.00003,7000,,,2,1,,
Ag,2,266.044956,0.000021,266.044959,0.000009,26000,1.51e+07,C+,2,1,,
Ag,2,266.317552,0.000021,266.317552,0.000021,39000,,,4,5,,
Ag,2,266.91994,0.00005,266.91992,0.00004,2100,,,3,2,,
Ag,2,268.119774,0.000022,268.119759,0.000010,24000,6.0e+07,D+,1,2,,
Ag,2,268.81976,0.00006,268.819709,0.000013,2300,1.40e+07,B+,1,2,,
Ag,2,271.107823,0.000022,271.107830,0.000012,8900,4.8e+07,D+,1,1,,
Ag,2,271.187305,0.000022,271.187292,0.000013,91000,2.0e+08,C+,4,3,,
Ag,1,272.177,,272.1764,0.0007,50,,,5/2,5/2,,
Ag,2,272.873,0.004,272.877443,0.000013,590,1.0e+06,E,2,2,,
Ag,2,274.37697,0.00005,274.376993,0.000014,5000,1.0e+08,D+,1,1,,
Ag,2,274.38981,0.00003,274.389810,0.000011,1290,1.1e+06,D+,1,2,,
Ag,2,275.219,0.005,275.224198,0.000012,690,1.0e+06,E,2,3,,
Ag,2,275.627305,0.000023,275.627291,0.000011,35000,2.0e+08,C+,3,2,,
Ag,2,276.752713,0.000023,276.752728,0.000011,30000,1.01e+07,B,2,3,,
Ag,2,278.631,0.005,278.635281,0.000015,1500,,,2,2,,
Ag,2,279.17477,0.00008,279.17480,0.00005,900,,,2,2,,
Ag,2,279.947584,0.000024,279.947573,0.000011,20000,1.0e+08,D+,2,2,,
Ag,2,280.193,0.005,280.191850,0.000024,400,,,1,1,,
Ag,2,281.533114,0.000024,281.533114,0.000011,13000,7.1e+07,B+,1,2,,
Ag,1,282.439,,282.4391,0.0012,100w,,,5/2,7/2,,
Ag,2,282.90,0.04,282.939497,0.000013,740,,,2,3,,
Ag,2,283.757,0.005,283.758520,0.000013,670,4.0e+06,B,1,1,,
Ag,2,284.0638,0.0006,284.06282,0.00006,25,,,2,1,,
Ag,2,284.17040,0.00024,284.17040,0.00024,180,,,3,2,,
Ag,2,,,285.060148,0.000013,,1.6e+07,D+,1,2,,
Ag,2,285.14131,0.00010,285.14127,0.00005,410,,,3,3,,
Ag,47,,,285.57,0.09,,,,1/2,1/2,,
Ag,2,285.97113,0.00007,285.97111,0.00005,550,,,3,2,,
Ag,2,287.341877,0.000025,287.341884,0.000013,11400,1.06e+08,C+,1,1,,
Ag,2,287.792171,0.000025,287.792179,0.000025,3800,,,2,3,,
Ag,2,287.878902,0.000025,287.878902,0.000025,9800,,,3,4,,
Ag,2,288.200,0.005,288.207801,0.000025,760,,,2,1,,
Ag,2,289.62710,0.00003,289.627093,0.000012,16000,8.4e+07,B,2,2,,
Ag,2,290.0428,0.0006,290.04230,0.00005,12,,,3,4,,
Ag,2,290.18607,0.00003,290.186068,0.000012,14000,4.3e+07,D+,3,2,,
Ag,2,291.98283,0.00003,291.982822,0.000013,8400,6.0e+07,C+,2,1,,
Ag,1,292.677,,,,10w,,,,,,
Ag,2,292.93399,0.00003,292.933993,0.000012,10000,2.9e+06,C,2,2,,
Ag,2,293.33102,0.00003,293.33102,0.00003,1500,,,4,4,,
Ag,2,293.40208,0.00003,293.402078,0.000013,28000,7.2e+07,B,3,3,,
Ag,2,293.5518,0.0006,293.55204,0.00012,20,,,3,3,,
Ag,2,293.83197,0.00003,293.831975,0.000012,8200,3.0e+07,D+,2,2,,
Ag,1,293.842,,293.840,0.003,20w,,,5/2,5/2,,
Ag,2,298.1018,0.0006,298.1016,0.0003,24,,,2,2,,
Ag,2,300.08383,0.00006,300.08384,0.00005,510,,,2,2,,
Ag,2,300.79395,0.00018,300.79389,0.00006,160,,,2,1,,
Ag,2,305.13341,0.00019,305.13340,0.00019,100,,,3,3,,
Ag,1,309.910,,309.9100,0.0010,20,,,3/2,5/2,,
Ag,2,312.7698,0.0006,312.76972,0.00007,370,,,2,1,,
Ag,1,313.002,,313.0007,0.0015,30w,,,5/2,5/2,,
Ag,2,314.60704,0.00008,314.607035,0.000015,97,,,3,2,,
Ag,1,317.0579,,317.0583,0.0005,10w,,,5/2,7/2,,
Ag,2,318.07128,0.00003,318.071265,0.000019,1500,4.30e+06,B+,3,4,,
Ag,2,318.39060,0.00003,318.390601,0.000015,1300,4.0e+06,B,3,3,,
Ag,1,321.567,,321.564,0.021,15w,,,5/2,7/2,,
Ag,2,322.32462,0.00003,322.324625,0.000015,3300,6.9e+06,D+,1,2,,
Ag,1,322.515,,322.506,0.021,10,,,5/2,5/2,,
Ag,1,323.318,,323.321,0.021,15,,,5/2,5/2,,
Ag,2,326.73462,0.00003,326.734612,0.000014,460,8.7e+05,B,2,2,,
Ag,2,326.955,0.005,326.956087,0.000018,1400,2.0e+07,D+,1,2,,
Ag,1,328.0680,,328.068430,0.000003,55000r,1.4e+08,B,1/2,3/2,,
Ag,1,330.5675337,,330.5675337,0.0000020,10w,,,1/2,5/2,E2,
Ag,2,332.97790,0.00010,332.978173,0.000017,90,,,2,2,,
Ag,2,333.9878,0.0007,333.98913,0.00003,88,2.10e+05,B+,4,4,,
Ag,2,337.21945,0.00005,337.219464,0.000018,560,1.00e+06,B,2,3,,
Ag,1,338.2887,,338.288781,0.000003,28000r,1.3e+08,B,1/2,1/2,,
Ag,2,338.46244,0.00005,338.46244,0.00005,2600,,,2,1,,
Ag,1,340.378,,340.380,0.023,10w,,,5/2,7/2,,
Ag,2,343.7707,0.0007,343.77018,0.00008,150,,,2,3,,
Ag,1,346.916,,346.9166,0.0012,30,,,3/2,3/2,,
Ag,2,347.58183,0.00004,347.581840,0.000021,450,,,2,1,,
Ag,2,349.52849,0.00004,349.528495,0.000017,500,7.4e+05,C+,3,2,,
Ag,1,350.1921,,350.19220,0.00006,20,,,5/2,7/2,,
Ag,1,350.8025,,350.80252,0.00009,20,,,1/2,3/2,,
Ag,1,351.3377,,351.329,0.025,15w,,,9/2,9/2,,
Ag,1,352.1123,,352.11198,0.00020,10,,,3/2,5/2,,
Ag,2,353.4188,0.0007,353.41851,0.00009,150,,,1,1,,
Ag,1,354.250,,354.25,0.03,50,,,9/2,11/2,,
Ag,1,354.716,,354.71,0.03,10w,,,5/2,7/2,,
Ag,1,355.701,,355.69,0.03,10w,,,7/2,9/2,,
Ag,2,358.3966,0.0008,358.39647,0.00018,91,,,1,1,,
Ag,2,358.5836,0.0008,358.5831,0.0004,82,,,2,2,,
Ag,1,358.6679,,358.66751,0.00010,20,,,1/2,1/2,,
Ag,2,360.13023,0.00013,360.13035,0.00004,290,,,2,3,,
Ag,2,361.45495,0.00013,361.45504,0.00005,290,,,2,2,,
Ag,1,362.336,,362.34,0.03,10w,,,3/2,3/2,,
Ag,1,362.4690,,362.46873,0.00011,50,,,3/2,5/2,,
Ag,2,368.24638,0.00004,368.246368,0.000018,260,9.0e+04,B,1,2,,
Ag,1,368.2504,,368.24948,0.00004,30,,,1/2,3/2,,
Ag,2,368.33479,0.00004,368.33481,0.00003,530,9.9e+05,B+,3,4,,
Ag,1,370.9192,,370.91876,0.00011,50,,,3/2,1/2,,
Ag,1,372.742,,372.74,0.03,10w,,,7/2,9/2,,
Ag,2,373.6516,0.0007,373.65122,0.00020,70,,,2,3,,
Ag,1,375.314,,375.31,0.03,20w,,,5/2,7/2,,
Ag,1,381.0941,,381.09396,0.00003,200,,,3/2,5/2,,
Ag,1,381.1773,,381.17584,0.00004,50,,,3/2,3/2,,
Ag,1,384.0750,,384.07514,0.00004,100,,,1/2,1/2,,
Ag,1,384.7846,,384.78470,0.00006,20,,,5/2,5/2,,
Ag,1,390.741,,390.76,0.03,50w,,,7/2,9/2,,
Ag,2,390.93032,0.00005,390.930327,0.000020,140,,,2,2,,
Ag,1,391.440,,391.44,0.03,50w,,,7/2,7/2,,
Ag,2,392.01239,0.00005,392.01238,0.00005,180,,,1,0,,
Ag,1,392.753,,392.75,0.03,6w,,,7/2,7/2,,
Ag,1,392.837,,392.84,0.03,4w,,,7/2,5/2,,
Ag,1,394.043,,394.05,0.03,10w,,,7/2,5/2,,
Ag,1,394.290,,394.29,0.03,10w,,,3/2,5/2,,
Ag,2,394.94347,0.00005,394.94350,0.00003,160,,,1,1,,
Ag,1,398.1580,,398.15760,0.00005,30,,,3/2,1/2,,
Ag,2,398.51904,0.00005,398.51904,0.00003,220,,,2,2,,
Ag,1,399.168,,399.16,0.03,5w,,,5/2,7/2,,
Ag,1,399.246,,399.25,0.03,5w,,,5/2,5/2,,
Ag,1,405.5476,,405.54750,0.00003,400,,,1/2,3/2,,
Ag,1,408.343,,,,10w,,,,,,
Ag,2,408.59155,0.00005,408.59155,0.00003,470,1.12e+06,B+,3,4,,
Ag,2,411.18880,0.00005,411.188813,0.000022,53,1.20e+05,B,3,2,,
Ag,2,418.54749,0.00005,418.547499,0.000023,250,3.7e+05,C,2,2,,
Ag,1,421.0960,,421.09542,0.00005,700,,,3/2,5/2,,
Ag,2,421.15277,0.00009,421.15267,0.00003,34,,,2,1,,
Ag,1,421.2814,,421.28077,0.00004,70,,,3/2,3/2,,
Ag,2,421.5734,0.0009,421.57290,0.00011,75,,,0,1,,
Ag,2,424.0685,0.0009,424.0698,0.0004,83,,,4,3,,
Ag,2,424.1574,0.0009,424.15562,0.00013,51,,,2,3,,
Ag,1,431.1074,,431.11,0.04,50,,,5/2,7/2,,
Ag,2,431.351,0.004,431.354,0.004,290,1.4e+07,D+,2,1,,
Ag,2,431.959,0.004,431.959,0.004,630,1.2e+07,D+,3,2,,
Ag,2,433.314,0.004,433.316,0.004,210,3.3e+06,D+,3,3,,
Ag,2,436.416,0.004,436.409,0.004,290,6.6e+06,D+,1,2,,
Ag,2,438.50519,0.00006,438.50517,0.00004,79,,,0,1,,
Ag,1,439.623,,439.62,0.04,20,,,3/2,1/2,,
Ag,2,441.200,0.004,441.196,0.004,830,1.4e+07,D+,4,3,,
Ag,2,443.057,0.004,443.063,0.004,580,1.4e+07,D+,3,2,,
Ag,2,444.919,0.004,444.917,0.004,290,1.0e+07,D+,1,1,,
Ag,1,447.6040,,447.604035,0.000020,80,,,1/2,1/2,,
Ag,2,447.912,0.004,447.909,0.004,210,6.4e+06,D+,1,2,,
Ag,2,448.858,0.020,448.866,0.005,290d,6.8e+06,D+,2,2,,
Ag,2,449.3424,0.0008,449.34135,0.00006,110,,,2,3,,
Ag,2,449.494,0.004,449.492,0.004,410,1.1e+07,D+,2,2,,
Ag,2,451.4053,0.0008,451.40548,0.00008,84,,,2,2,,
Ag,2,451.552,0.004,451.558,0.004,210,4.1e+06,D+,3,2,,
Ag,2,453.0145,0.0008,453.01405,0.00010,62,,,2,1,,
Ag,2,453.039,0.004,453.041,0.004,410,7.4e+06,D+,3,3,,
Ag,2,453.3812,0.0008,453.38084,0.00004,23,,,2,1,,
Ag,1,455.552,,455.56,0.04,20w,,,5/2,3/2,,
Ag,1,461.569,,461.56,0.04,30w,,,3/2,5/2,,
Ag,2,462.00358,0.00006,462.00355,0.00003,170,2.1e+05,C,3,2,,
Ag,2,462.04712,0.00006,462.04711,0.00003,85,,,1,2,,
Ag,1,466.8477,,466.846993,0.000022,130,,,3/2,1/2,,
Ag,1,467.760,,467.72,0.04,30w*,,,7/2,5/2,,
Ag,1,467.760,,467.79,0.04,30w*,,,7/2,7/2,,
Ag,2,470.5873,0.0009,470.5879,0.0003,56,,,2,3,,
Ag,2,478.83966,0.00007,478.83966,0.00003,260,9.5e+05,C+,1,2,,
Ag,1,479.646,,479.65,0.05,20w,,,5/2,5/2,,
Ag,1,484.782,,484.76,0.05,30w,,,7/2,7/2,,
Ag,1,487.4100,,487.41,0.05,100,,,9/2,7/2,,
Ag,1,488.821,,488.82,0.05,20,,,3/2,1/2,,
Ag,2,489.1335,0.0010,489.13259,0.00004,18,1.00e+05,B,1,2,,
Ag,1,491.748,,491.73,0.05,10w,,,5/2,3/2,,
Ag,1,493.575,,493.57,0.05,10,,,5/2,7/2,,
Ag,2,498.32786,0.00012,498.32786,0.00004,17,,,2,2,,
Ag,1,499.286,,499.26,0.05,20w,,,3/2,3/2,,
Ag,2,502.73430,0.00008,502.73432,0.00003,160,3.4e+05,C+,2,2,,
Ag,1,512.350,,512.35,0.05,15w,,,5/2,5/2,,
Ag,2,513.72470,0.00016,513.72469,0.00016,720,1.8e+07,C,1,2,,
Ag,2,514.28156,0.00011,514.28157,0.00011,1700,1.3e+08,C,1,1,,
Ag,2,519.8171,0.0008,519.81783,0.00008,27,,,1,0,,
Ag,1,520.9078,,520.90780,0.00005,1000,7.5e+07,D,1/2,3/2,,
Ag,2,531.24571,0.00017,531.24574,0.00008,1200,1.6e+07,C,4,4,,
Ag,2,531.72122,0.00008,531.72120,0.00005,48,,,3,2,,
Ag,2,531.97018,0.00020,531.97015,0.00008,21,,,1,0,,
Ag,2,533.25043,0.00014,533.25049,0.00009,1300,2.0e+07,C,4,4,,
Ag,1,533.362,,533.31732,0.00006,10w,,,1/2,1/2,M1,
Ag,2,534.00267,0.00011,534.00267,0.00009,2900,3.4e+07,C,5,5,,
Ag,2,536.27877,0.00014,536.27883,0.00009,1600,2.2e+07,C,2,3,,
Ag,2,537.38212,0.00012,537.38219,0.00005,38,,,1,1,,
Ag,2,539.24686,0.00017,539.24682,0.00017,1500,7.9e+07,C,1,2,,
Ag,2,540.01037,0.00009,540.01037,0.00009,20000,1.8e+08,C,5,6,,
Ag,2,540.31323,0.00009,540.31323,0.00009,15000,1.8e+08,C,4,5,,
Ag,2,541.08114,0.00015,541.08117,0.00015,1800,3.6e+06,D+,2,1,,
Ag,2,541.1936,0.0003,541.19338,0.00015,740,8.9e+07,C,1,1,,
Ag,2,542.40511,0.00015,542.40509,0.00012,2200,7.4e+07,C,2,2,,
Ag,2,544.09099,0.00009,544.09104,0.00005,50,,,2,2,,
Ag,1,546.5497,,546.54853,0.00006,1000,8.6e+07,D,3/2,5/2,,
Ag,1,547.1555,,547.15428,0.00006,50,1.4e+07,D,3/2,3/2,,
Ag,1,547.5376,,547.537609,0.000012,20,,,5/2,3/2,,
Ag,2,547.86597,0.00021,547.86589,0.00012,1500,5.4e+07,C,2,1,,
Ag,2,548.81567,0.00009,548.81562,0.00007,8300,7.8e+07,C,3,4,,
Ag,2,549.38309,0.00018,549.38302,0.00009,2300,2.8e+07,C,3,3,,
Ag,2,553.84490,0.00021,553.84481,0.00006,27,,,2,1,,
Ag,2,554.32124,0.00018,554.32121,0.00018,2700,2.1e+07,C,2,3,,
Ag,1,554.567,,554.534216,0.000016,20w,,,3/2,3/2,M1,
Ag,2,555.19265,0.00009,555.19264,0.00009,12000,1.07e+08,C,3,4,,
Ag,2,555.81401,0.00022,555.81412,0.00012,2300,1.9e+07,C,3,2,,
Ag,1,555.954,,555.95,0.06,10w,,,5/2,5/2,,
Ag,2,557.38261,0.00022,557.38257,0.00009,2300,3.2e+07,C,3,4,,
Ag,2,557.96777,0.00022,557.96782,0.00009,2400,3.7e+07,C,3,3,,
Ag,2,558.8417,0.0003,558.84183,0.00009,1700,1.6e+07,C,4,4,,
Ag,2,558.97828,0.00016,558.97829,0.00009,4200,6.9e+07,C,2,3,,
Ag,2,561.06066,0.00016,561.06070,0.00009,5400*,4.0e+07,C,4,4,,
Ag,2,561.06066,0.00016,561.06081,0.00019,5400*,,,3,2,,
Ag,2,562.0974,0.0003,562.09724,0.00019,43,,,2,3,,
Ag,2,562.24822,0.00009,562.24820,0.00009,21000,1.4e+08,C,4,5,,
Ag,1,566.734,,566.74,0.06,100,,,7/2,7/2,,
Ag,2,573.4226,0.0003,573.42293,0.00020,36,,,3,2,,
Ag,1,608.378,,608.35,0.07,10w,,,7/2,5/2,,
Ag,2,625.5896,0.0012,625.58897,0.00023,38,,,1,2,,
Ag,1,626.850,,626.84723,0.00020,10w,,,1/2,3/2,,
Ag,2,627.9154,0.0012,627.9149,0.0006,110,,,2,1,,
Ag,2,633.1275,0.0012,633.12484,0.00024,67,,,3,3,,
Ag,2,640.36,0.12,640.5327,0.0007,60,,,2,2,,
Ag,2,650.5747,0.0013,650.57672,0.00007,64,,,1,2,,
Ag,1,662.117,,662.12,0.09,20,,,5/2,5/2,,
Ag,2,669.7223,0.0013,669.72424,0.00009,81,,,1,2,,
Ag,2,671.736,0.018,671.7800,0.0004,130,,,3,2,,
Ag,2,689.37,0.14,689.2692,0.0004,69bl,,,2,2,,
Ag,2,693.9988,0.0010,693.9987,0.0003,68,,,2,2,,
Ag,2,699.891,0.020,699.906,0.004,200,,,1,1,,
Ag,2,719.85,0.16,719.84980,0.00021,77d,,,2,1,,
Ag,2,723.9376,0.0016,723.9381,0.0004,250,,,3,3,,
Ag,1,735.996,,736.00190,0.00011,20,,,3/2,1/2,,
Ag,2,743.95,0.17,744.2896,0.0004,44,,,2,3,,
Ag,1,768.7772,,768.77726,0.00006,500,,,1/2,1/2,,
Ag,2,793.02,0.03,793.019,0.004,1800,3.2e+07,C,3,2,,
Ag,2,795.73,0.03,795.708,0.005,420,3.7e+07,C,2,1,,
Ag,2,800.51863,0.00019,800.51861,0.00015,2600,3.8e+07,C,3,3,,
Ag,2,802.30,0.03,802.293,0.006,310,8.9e+06,C,3,3,,
Ag,2,809.63,0.20,809.517,0.005,220bl,1.8e+07,C,1,2,,
Ag,2,810.0253,0.0020,810.0289,0.0007,810,1.3e+07,C,1,2,,
Ag,2,822.4770,0.0016,822.4757,0.0005,270,1.7e+06,D+,3,4,,
Ag,2,825.4777,0.0004,825.47772,0.00020,1500,1.4e+07,C,2,3,,
Ag,2,826.2874,0.0014,826.2875,0.0005,950,4.3e+07,C,1,1,,
Ag,1,827.3509,,827.34862,0.00007,1000,,,3/2,1/2,,
Ag,2,828.7284,0.0016,828.7277,0.0007,1100,3.0e+07,C,2,2,,
Ag,2,829.78,0.03,829.732,0.006,2100,3.4e+07,C,4,3,,
Ag,2,832.4708,0.0003,832.4707,0.0003,2100,4.7e+07,C,2,2,,
Ag,2,836.24,0.21,836.116,0.006,260,,,1,2,,
Ag,2,837.9578,0.0004,837.9578,0.0004,2000,5.0e+07,C,2,1,,
Ag,2,840.38338,0.00021,840.38336,0.00021,5000,4.7e+07,C,3,4,,
Ag,2,843.15,0.21,843.120,0.006,270,2.4e+07,C,1,1,,
Ag,2,845.7546,0.0017,845.7536,0.0005,170,,,2,1,,
Ag,2,849.2643,0.0017,849.2661,0.0017,2600,4.3e+07,C,2,3,,
Ag,2,854.0184,0.0017,854.0196,0.0010,390,1.4e+06,D+,1,1,,
Ag,2,854.10,0.22,854.187,0.005,220,2.5e+07,C,2,2,,
Ag,1,864.570,,,,30w,,,,,,
Ag,1,870.485,,870.47018,0.00015,10w,,,1/2,1/2,,
Ag,2,870.5390,0.0017,870.5390,0.0011,1600,1.17e+07,C,3,3,,
Ag,2,872.59,0.23,872.637,0.007,260,1.8e+07,C,3,3,,
Ag,2,874.8317,0.0018,874.8307,0.0011,2800,4.3e+07,C,2,1,,
Ag,2,877.5316,0.0018,877.5306,0.0013,1300,3.0e+07,C,1,2,,
Ag,2,899.5174,0.0018,899.5181,0.0014,550,1.10e+07,C,2,2,,
Ag,2,900.1362,0.0018,900.1360,0.0011,2900,2.9e+07,C,2,3,,
Ag,2,905.2697,0.0018,905.2696,0.0018,1400i,4.1e+07,C,1,0,,
Ag,1,1255.1,,,,10,,,,,,
Ag,1,1681.9,,1681.7216,0.0003,60,,,1/2,3/2,,
Ag,1,1741.6,,1741.3027,0.0006,20,,,1/2,1/2,,
Ag,1,1830.8,,1830.7470,0.0010,15,,,3/2,5/2,,
Ag,1,1838.2,,1837.5558,0.0014,15*,,,5/2,7/2,,
Ag,1,1838.2,,1837.5612,0.0010,15*,,,5/2,5/2,,
